#: table_doi: 10.17182/hepdata.63400.v1/t2
#: name: Table 2
#: description: The histogram represents the reference spectrum (cross section scaled by the nuclear overlap function, T(pPb)) in inelastic pp collisions, determined in |eta(cms)| < 0.8.

#: data_file: Table2.yaml
#: keyword reactions: P P --> CHARGED X
#: keyword observables: DSIG/DPT
#: keyword phrases: Inclusive | Single Differential Cross Section | Transverse Momentum Dependence | Proton-Proton Scattering
#: keyword cmenergies: 5020.0
#: RE,,,P P --> CHARGED X
#: ETARAP(RF=CM),,,-0.8-0.8
#: MEAN(T(pPb)) [MB**-1],,,0.0983 +- 0.0035
#: SQRT(S) [GeV],,,5020.0
'PT [GEV]','PT [GEV] LOW','PT [GEV] HIGH','MEAN(T(pPb))/(2*PI*PT)*D2(SIG)/DPT/DETARAP [GEV**-2]','stat +','stat -','sys +','sys -','sys,overall normalization uncertainty +','sys,overall normalization uncertainty -','sys,remaining normalization uncertainty if divided by MEAN(T(pPb)) +','sys,remaining normalization uncertainty if divided by MEAN(T(pPb)) -'
0.175,0.15,0.2,43.09,0.021,-0.021,3.4,-3.4,'5.1%','-5.1%','3.6%','-3.6%'
0.225,0.2,0.25,34.29,0.011,-0.011,2.2,-2.2,'5.1%','-5.1%','3.6%','-3.6%'
0.275,0.25,0.3,26.63,0.008,-0.008,1.9,-1.9,'5.1%','-5.1%','3.6%','-3.6%'
0.32499999999999996,0.3,0.35,20.55,0.006,-0.006,1.5,-1.5,'5.1%','-5.1%','3.6%','-3.6%'
0.375,0.35,0.4,15.88,0.005,-0.005,1.2,-1.2,'5.1%','-5.1%','3.6%','-3.6%'
0.42500000000000004,0.4,0.45,12.37,0.004,-0.004,1.0,-1.0,'5.1%','-5.1%','3.6%','-3.6%'
0.475,0.45,0.5,9.692,0.0031,-0.0031,0.79,-0.79,'5.1%','-5.1%','3.6%','-3.6%'
0.525,0.5,0.55,7.669,0.0026,-0.0026,0.61,-0.61,'5.1%','-5.1%','3.6%','-3.6%'
0.575,0.55,0.6,6.119,0.0022,-0.0022,0.47,-0.47,'5.1%','-5.1%','3.6%','-3.6%'
0.625,0.6,0.65,4.924,0.0019,-0.0019,0.36,-0.36,'5.1%','-5.1%','3.6%','-3.6%'
0.675,0.65,0.7,3.994,0.0016,-0.0016,0.29,-0.29,'5.1%','-5.1%','3.6%','-3.6%'
0.725,0.7,0.75,3.261,0.0014,-0.0014,0.24,-0.24,'5.1%','-5.1%','3.6%','-3.6%'
0.775,0.75,0.8,2.681,0.0013,-0.0013,0.2,-0.2,'5.1%','-5.1%','3.6%','-3.6%'
0.825,0.8,0.85,2.213,0.0011,-0.0011,0.16,-0.16,'5.1%','-5.1%','3.6%','-3.6%'
0.875,0.85,0.9,1.845,0.001,-0.001,0.14,-0.14,'5.1%','-5.1%','3.6%','-3.6%'
0.925,0.9,0.95,1.545,0.0009,-0.0009,0.11,-0.11,'5.1%','-5.1%','3.6%','-3.6%'
0.975,0.95,1.0,1.3,0.0008,-0.0008,0.096,-0.096,'5.1%','-5.1%','3.6%','-3.6%'
1.05,1.0,1.1,1.008,0.0004,-0.0004,0.074,-0.074,'5.1%','-5.1%','3.6%','-3.6%'
1.15,1.1,1.2,0.7307,0.0003,-0.0003,0.054,-0.054,'5.1%','-5.1%','3.6%','-3.6%'
1.25,1.2,1.3,0.5386,0.00027,-0.00027,0.04,-0.04,'5.1%','-5.1%','3.6%','-3.6%'
1.35,1.3,1.4,0.4004,0.00021,-0.00021,0.03,-0.03,'5.1%','-5.1%','3.6%','-3.6%'
1.45,1.4,1.5,0.3007,0.00019,-0.00019,0.022,-0.022,'5.1%','-5.1%','3.6%','-3.6%'
1.55,1.5,1.6,0.2272,0.00015,-0.00015,0.017,-0.017,'5.1%','-5.1%','3.6%','-3.6%'
1.65,1.6,1.7,0.174,0.00014,-0.00014,0.013,-0.013,'5.1%','-5.1%','3.6%','-3.6%'
1.75,1.7,1.8,0.1347,0.00011,-0.00011,0.0099,-0.0099,'5.1%','-5.1%','3.6%','-3.6%'
1.85,1.8,1.9,0.1056,0.0001,-0.0001,0.0078,-0.0078,'5.1%','-5.1%','3.6%','-3.6%'
1.95,1.9,2.0,0.08328,8.3e-05,-8.3e-05,0.0061,-0.0061,'5.1%','-5.1%','3.6%','-3.6%'
2.1,2.0,2.2,0.05949,5.3e-05,-5.3e-05,0.0044,-0.0044,'5.1%','-5.1%','3.6%','-3.6%'
2.3,2.2,2.4,0.03831,3.6e-05,-3.6e-05,0.0028,-0.0028,'5.1%','-5.1%','3.6%','-3.6%'
2.5,2.4,2.6,0.02506,3.1e-05,-3.1e-05,0.0018,-0.0018,'5.1%','-5.1%','3.6%','-3.6%'
2.7,2.6,2.8,0.01681,2.2e-05,-2.2e-05,0.0012,-0.0012,'5.1%','-5.1%','3.6%','-3.6%'
2.9,2.8,3.0,0.01154,2.4e-05,-2.4e-05,0.00085,-0.00085,'5.1%','-5.1%','3.6%','-3.6%'
3.1,3.0,3.2,0.008043,1.3e-05,-1.3e-05,0.00059,-0.00059,'5.1%','-5.1%','3.6%','-3.6%'
3.3,3.2,3.4,0.005696,9.5e-06,-9.5e-06,0.00042,-0.00042,'5.1%','-5.1%','3.6%','-3.6%'
3.5,3.4,3.6,0.004064,7.3e-06,-7.3e-06,0.0003,-0.0003,'5.1%','-5.1%','3.6%','-3.6%'
3.7,3.6,3.8,0.002958,5.7e-06,-5.7e-06,0.00022,-0.00022,'5.1%','-5.1%','3.6%','-3.6%'
3.9,3.8,4.0,0.002181,4.6e-06,-4.6e-06,0.00016,-0.00016,'5.1%','-5.1%','3.6%','-3.6%'
4.25,4.0,4.5,0.001331,3.1e-06,-3.1e-06,9.8e-05,-9.8e-05,'5.1%','-5.1%','3.6%','-3.6%'
4.75,4.5,5.0,0.000685,1.7e-06,-1.7e-06,5.1e-05,-5.1e-05,'5.1%','-5.1%','3.6%','-3.6%'
5.25,5.0,5.5,0.0003714,8.3e-07,-8.3e-07,3e-05,-3e-05,'5.1%','-5.1%','3.6%','-3.6%'
5.75,5.5,6.0,0.0002154,6e-07,-6e-07,1.7e-05,-1.7e-05,'5.1%','-5.1%','3.6%','-3.6%'
6.25,6.0,6.5,0.0001286,4.4e-07,-4.4e-07,1e-05,-1e-05,'5.1%','-5.1%','3.6%','-3.6%'
6.75,6.5,7.0,8.045e-05,3.3e-07,-3.3e-07,6.2e-06,-6.2e-06,'5.1%','-5.1%','3.6%','-3.6%'
7.5,7.0,8.0,4.293e-05,1.6e-07,-1.6e-07,3.3e-06,-3.3e-06,'5.1%','-5.1%','3.6%','-3.6%'
8.5,8.0,9.0,1.983e-05,1e-07,-1e-07,1.5e-06,-1.5e-06,'5.1%','-5.1%','3.6%','-3.6%'
9.5,9.0,10.0,9.907e-06,6.7e-08,-6.7e-08,7.6e-07,-7.6e-07,'5.1%','-5.1%','3.6%','-3.6%'
10.5,10.0,11.0,5.345e-06,4.7e-08,-4.7e-08,4.1e-07,-4.1e-07,'5.1%','-5.1%','3.6%','-3.6%'
11.5,11.0,12.0,3.098e-06,3.4e-08,-3.4e-08,2.4e-07,-2.4e-07,'5.1%','-5.1%','3.6%','-3.6%'
12.5,12.0,13.0,1.814e-06,2.5e-08,-2.5e-08,1.4e-07,-1.4e-07,'5.1%','-5.1%','3.6%','-3.6%'
13.5,13.0,14.0,1.145e-06,1.9e-08,-1.9e-08,8.6e-08,-8.6e-08,'5.1%','-5.1%','3.6%','-3.6%'
14.5,14.0,15.0,7.254e-07,1.4e-08,-1.4e-08,5.4e-08,-5.4e-08,'5.1%','-5.1%','3.6%','-3.6%'
15.5,15.0,16.0,4.868e-07,1.1e-08,-1.1e-08,3.7e-08,-3.7e-08,'5.1%','-5.1%','3.6%','-3.6%'
17.0,16.0,18.0,2.811e-07,5.8e-09,-5.8e-09,2.1e-08,-2.1e-08,'5.1%','-5.1%','3.6%','-3.6%'
19.0,18.0,20.0,1.356e-07,3.8e-09,-3.8e-09,1e-08,-1e-08,'5.1%','-5.1%','3.6%','-3.6%'
21.0,20.0,22.0,7.35e-08,2.6e-09,-2.6e-09,5.7e-09,-5.7e-09,'5.1%','-5.1%','3.6%','-3.6%'
23.0,22.0,24.0,4.127e-08,1.9e-09,-1.9e-09,3.2e-09,-3.2e-09,'5.1%','-5.1%','3.6%','-3.6%'
26.0,24.0,28.0,2.012e-08,8.5e-10,-8.5e-10,1.6e-09,-1.6e-09,'5.1%','-5.1%','3.6%','-3.6%'
30.0,28.0,32.0,8.019e-09,5e-10,-5e-10,6.3e-10,-6.3e-10,'5.1%','-5.1%','3.6%','-3.6%'
36.0,32.0,40.0,2.573e-09,1.8e-10,-1.8e-10,2.1e-10,-2.1e-10,'5.1%','-5.1%','3.6%','-3.6%'
45.0,40.0,50.0,7.73e-10,7.6e-11,-7.6e-11,6.4e-11,-6.4e-11,'5.1%','-5.1%','3.6%','-3.6%'

