#: table_doi: 10.17182/hepdata.63400.v1/t4
#: name: Table 4
#: description: The nuclear modification factor of charged particles as a function of transverse momentum, measured in minimum-bias (NSD) p-Pb collisions at sqrt(sNN) = 5.02 TeV in two pseudorapidity ranges, |eta(cms)| < 0.3 and -1.3 < eta(cms) < 0.3.

#: data_file: Table4.yaml
#: keyword reactions: P PB --> CHARGED X | P P --> CHARGED X
#: keyword observables: RATIO
#: keyword phrases: Inclusive | Proton-Proton Scattering
#: keyword cmenergies: 5020.0
#: RE,,,P P --> CHARGED X,,,,,,
#: ETARAP(RF=CM),,,-0.3-0.3
#: SQRT(S)/NUCLEON [GeV],,,5020.0
'PT [GEV]','PT [GEV] LOW','PT [GEV] HIGH','R(pPb)','stat +','stat -','sys +','sys -','sys,overall normalization uncertainty +','sys,overall normalization uncertainty -'
0.175,0.15,0.2,0.5346,0.00033,-0.00033,0.052,-0.052,'6.0%','-6.0%'
0.225,0.2,0.25,0.5265,0.00021,-0.00021,0.042,-0.042,'6.0%','-6.0%'
0.275,0.25,0.3,0.5276,0.0002,-0.0002,0.043,-0.043,'6.0%','-6.0%'
0.32499999999999996,0.3,0.35,0.5324,0.00019,-0.00019,0.045,-0.045,'6.0%','-6.0%'
0.375,0.35,0.4,0.5399,0.0002,-0.0002,0.048,-0.048,'6.0%','-6.0%'
0.42500000000000004,0.4,0.45,0.5505,0.0002,-0.0002,0.051,-0.051,'6.0%','-6.0%'
0.475,0.45,0.5,0.5646,0.00022,-0.00022,0.052,-0.052,'6.0%','-6.0%'
0.525,0.5,0.55,0.5811,0.00024,-0.00024,0.053,-0.053,'6.0%','-6.0%'
0.575,0.55,0.6,0.5975,0.00026,-0.00026,0.053,-0.053,'6.0%','-6.0%'
0.625,0.6,0.65,0.6143,0.00028,-0.00028,0.052,-0.052,'6.0%','-6.0%'
0.675,0.65,0.7,0.6316,0.00031,-0.00031,0.053,-0.053,'6.0%','-6.0%'
0.725,0.7,0.75,0.6496,0.00034,-0.00034,0.055,-0.055,'6.0%','-6.0%'
0.775,0.75,0.8,0.667,0.00038,-0.00038,0.056,-0.056,'6.0%','-6.0%'
0.825,0.8,0.85,0.6845,0.00042,-0.00042,0.057,-0.057,'6.0%','-6.0%'
0.875,0.85,0.9,0.6986,0.00047,-0.00047,0.058,-0.058,'6.0%','-6.0%'
0.925,0.9,0.95,0.7119,0.00051,-0.00051,0.059,-0.059,'6.0%','-6.0%'
0.975,0.95,1.0,0.7252,0.00056,-0.00056,0.06,-0.06,'6.0%','-6.0%'
1.05,1.0,1.1,0.7499,0.0004,-0.0004,0.062,-0.062,'6.0%','-6.0%'
1.15,1.1,1.2,0.7806,0.00045,-0.00045,0.065,-0.065,'6.0%','-6.0%'
1.25,1.2,1.3,0.8074,0.00055,-0.00055,0.07,-0.07,'6.0%','-6.0%'
1.35,1.3,1.4,0.8354,0.00061,-0.00061,0.073,-0.073,'6.0%','-6.0%'
1.45,1.4,1.5,0.86,0.00074,-0.00074,0.071,-0.071,'6.0%','-6.0%'
1.55,1.5,1.6,0.8836,0.00081,-0.00081,0.073,-0.073,'6.0%','-6.0%'
1.65,1.6,1.7,0.9024,0.00095,-0.00095,0.076,-0.076,'6.0%','-6.0%'
1.75,1.7,1.8,0.9284,0.001,-0.001,0.077,-0.077,'6.0%','-6.0%'
1.85,1.8,1.9,0.9492,0.0012,-0.0012,0.078,-0.078,'6.0%','-6.0%'
1.95,1.9,2.0,0.9732,0.0013,-0.0013,0.079,-0.079,'6.0%','-6.0%'
2.1,2.0,2.2,0.9932,0.0012,-0.0012,0.081,-0.081,'6.0%','-6.0%'
2.3,2.2,2.4,1.021,0.0013,-0.0013,0.083,-0.083,'6.0%','-6.0%'
2.5,2.4,2.6,1.049,0.0017,-0.0017,0.085,-0.085,'6.0%','-6.0%'
2.7,2.6,2.8,1.065,0.0019,-0.0019,0.086,-0.086,'6.0%','-6.0%'
2.9,2.8,3.0,1.075,0.0027,-0.0027,0.087,-0.087,'6.0%','-6.0%'
3.1,3.0,3.2,1.083,0.0024,-0.0024,0.088,-0.088,'6.0%','-6.0%'
3.3,3.2,3.4,1.087,0.0027,-0.0027,0.088,-0.088,'6.0%','-6.0%'
3.5,3.4,3.6,1.082,0.003,-0.003,0.088,-0.088,'6.0%','-6.0%'
3.7,3.6,3.8,1.082,0.0033,-0.0033,0.088,-0.088,'6.0%','-6.0%'
3.9,3.8,4.0,1.093,0.0037,-0.0037,0.088,-0.088,'6.0%','-6.0%'
4.25,4.0,4.5,1.099,0.0034,-0.0034,0.089,-0.089,'6.0%','-6.0%'
4.75,4.5,5.0,1.084,0.0039,-0.0039,0.088,-0.088,'6.0%','-6.0%'
5.25,5.0,5.5,1.083,0.0044,-0.0044,0.094,-0.094,'6.0%','-6.0%'
5.75,5.5,6.0,1.07,0.0055,-0.0055,0.092,-0.092,'6.0%','-6.0%'
6.25,6.0,6.5,1.065,0.0067,-0.0067,0.091,-0.091,'6.0%','-6.0%'
6.75,6.5,7.0,1.035,0.0078,-0.0078,0.088,-0.088,'6.0%','-6.0%'
7.5,7.0,8.0,1.027,0.0071,-0.0071,0.087,-0.087,'6.0%','-6.0%'
8.5,8.0,9.0,1.027,0.0098,-0.0098,0.087,-0.087,'6.0%','-6.0%'
9.5,9.0,10.0,0.9953,0.012,-0.012,0.084,-0.084,'6.0%','-6.0%'
10.5,10.0,11.0,1.001,0.013,-0.013,0.084,-0.084,'6.0%','-6.0%'
11.5,11.0,12.0,0.9924,0.016,-0.016,0.084,-0.084,'6.0%','-6.0%'
12.5,12.0,13.0,0.9966,0.019,-0.019,0.083,-0.083,'6.0%','-6.0%'
13.5,13.0,14.0,0.9812,0.022,-0.022,0.082,-0.082,'6.0%','-6.0%'
14.5,14.0,15.0,1.001,0.027,-0.027,0.085,-0.085,'6.0%','-6.0%'
15.5,15.0,16.0,0.9878,0.031,-0.031,0.084,-0.084,'6.0%','-6.0%'
17.0,16.0,18.0,0.9951,0.028,-0.028,0.086,-0.086,'6.0%','-6.0%'
19.0,18.0,20.0,0.9866,0.037,-0.037,0.088,-0.088,'6.0%','-6.0%'
21.0,20.0,22.0,0.9764,0.047,-0.047,0.087,-0.087,'6.0%','-6.0%'
23.0,22.0,24.0,1.048,0.063,-0.063,0.095,-0.095,'6.0%','-6.0%'
26.0,24.0,28.0,0.9631,0.056,-0.056,0.088,-0.088,'6.0%','-6.0%'
30.0,28.0,32.0,0.9364,0.08,-0.08,0.086,-0.086,'6.0%','-6.0%'
36.0,32.0,40.0,1.108,0.1,-0.1,0.1,-0.1,'6.0%','-6.0%'
45.0,40.0,50.0,0.8506,0.12,-0.12,0.081,-0.081,'6.0%','-6.0%'

#: RE,,,P P --> CHARGED X,,,,,,
#: ETARAP(RF=CM),,,-1.3-0.3
#: SQRT(S)/NUCLEON [GeV],,,5020.0
'PT [GEV]','PT [GEV] LOW','PT [GEV] HIGH','R(pPb)','stat +','stat -','sys +','sys -','sys,overall normalization uncertainty +','sys,overall normalization uncertainty -'
0.175,0.15,0.2,0.5905,0.00032,-0.00032,0.057,-0.057,'6.0%','-6.0%'
0.225,0.2,0.25,0.5687,0.0002,-0.0002,0.045,-0.045,'6.0%','-6.0%'
0.275,0.25,0.3,0.5631,0.00019,-0.00019,0.046,-0.046,'6.0%','-6.0%'
0.32499999999999996,0.3,0.35,0.5642,0.00018,-0.00018,0.048,-0.048,'6.0%','-6.0%'
0.375,0.35,0.4,0.5691,0.00018,-0.00018,0.051,-0.051,'6.0%','-6.0%'
0.42500000000000004,0.4,0.45,0.5793,0.00019,-0.00019,0.054,-0.054,'6.0%','-6.0%'
0.475,0.45,0.5,0.5935,0.0002,-0.0002,0.055,-0.055,'6.0%','-6.0%'
0.525,0.5,0.55,0.6087,0.00022,-0.00022,0.055,-0.055,'6.0%','-6.0%'
0.575,0.55,0.6,0.625,0.00024,-0.00024,0.055,-0.055,'6.0%','-6.0%'
0.625,0.6,0.65,0.6414,0.00026,-0.00026,0.054,-0.054,'6.0%','-6.0%'
0.675,0.65,0.7,0.659,0.00029,-0.00029,0.056,-0.056,'6.0%','-6.0%'
0.725,0.7,0.75,0.6777,0.00032,-0.00032,0.057,-0.057,'6.0%','-6.0%'
0.775,0.75,0.8,0.6957,0.00035,-0.00035,0.058,-0.058,'6.0%','-6.0%'
0.825,0.8,0.85,0.7142,0.00039,-0.00039,0.06,-0.06,'6.0%','-6.0%'
0.875,0.85,0.9,0.7284,0.00043,-0.00043,0.061,-0.061,'6.0%','-6.0%'
0.925,0.9,0.95,0.7413,0.00048,-0.00048,0.061,-0.061,'6.0%','-6.0%'
0.975,0.95,1.0,0.7554,0.00052,-0.00052,0.062,-0.062,'6.0%','-6.0%'
1.05,1.0,1.1,0.7795,0.00035,-0.00035,0.064,-0.064,'6.0%','-6.0%'
1.15,1.1,1.2,0.8106,0.00039,-0.00039,0.067,-0.067,'6.0%','-6.0%'
1.25,1.2,1.3,0.8375,0.00048,-0.00048,0.073,-0.073,'6.0%','-6.0%'
1.35,1.3,1.4,0.8651,0.00053,-0.00053,0.075,-0.075,'6.0%','-6.0%'
1.45,1.4,1.5,0.8905,0.00065,-0.00065,0.074,-0.074,'6.0%','-6.0%'
1.55,1.5,1.6,0.9143,0.0007,-0.0007,0.075,-0.075,'6.0%','-6.0%'
1.65,1.6,1.7,0.9328,0.00083,-0.00083,0.078,-0.078,'6.0%','-6.0%'
1.75,1.7,1.8,0.9568,0.00089,-0.00089,0.08,-0.08,'6.0%','-6.0%'
1.85,1.8,1.9,0.9782,0.0011,-0.0011,0.08,-0.08,'6.0%','-6.0%'
1.95,1.9,2.0,0.9988,0.0011,-0.0011,0.081,-0.081,'6.0%','-6.0%'
2.1,2.0,2.2,1.018,0.001,-0.001,0.083,-0.083,'6.0%','-6.0%'
2.3,2.2,2.4,1.044,0.0011,-0.0011,0.085,-0.085,'6.0%','-6.0%'
2.5,2.4,2.6,1.07,0.0015,-0.0015,0.087,-0.087,'6.0%','-6.0%'
2.7,2.6,2.8,1.084,0.0016,-0.0016,0.088,-0.088,'6.0%','-6.0%'
2.9,2.8,3.0,1.091,0.0025,-0.0025,0.089,-0.089,'6.0%','-6.0%'
3.1,3.0,3.2,1.097,0.002,-0.002,0.089,-0.089,'6.0%','-6.0%'
3.3,3.2,3.4,1.099,0.0022,-0.0022,0.089,-0.089,'6.0%','-6.0%'
3.5,3.4,3.6,1.091,0.0024,-0.0024,0.088,-0.088,'6.0%','-6.0%'
3.7,3.6,3.8,1.088,0.0026,-0.0026,0.088,-0.088,'6.0%','-6.0%'
3.9,3.8,4.0,1.1,0.0029,-0.0029,0.089,-0.089,'6.0%','-6.0%'
4.25,4.0,4.5,1.098,0.0029,-0.0029,0.089,-0.089,'6.0%','-6.0%'
4.75,4.5,5.0,1.081,0.0031,-0.0031,0.087,-0.087,'6.0%','-6.0%'
5.25,5.0,5.5,1.071,0.0032,-0.0032,0.093,-0.093,'6.0%','-6.0%'
5.75,5.5,6.0,1.053,0.004,-0.004,0.091,-0.091,'6.0%','-6.0%'
6.25,6.0,6.5,1.044,0.0048,-0.0048,0.089,-0.089,'6.0%','-6.0%'
6.75,6.5,7.0,1.025,0.0057,-0.0057,0.087,-0.087,'6.0%','-6.0%'
7.5,7.0,8.0,1.007,0.0052,-0.0052,0.085,-0.085,'6.0%','-6.0%'
8.5,8.0,9.0,0.9984,0.007,-0.007,0.084,-0.084,'6.0%','-6.0%'
9.5,9.0,10.0,0.9786,0.0091,-0.0091,0.082,-0.082,'6.0%','-6.0%'
10.5,10.0,11.0,0.9803,0.01,-0.01,0.083,-0.083,'6.0%','-6.0%'
11.5,11.0,12.0,0.9636,0.013,-0.013,0.082,-0.082,'6.0%','-6.0%'
12.5,12.0,13.0,0.9783,0.016,-0.016,0.081,-0.081,'6.0%','-6.0%'
13.5,13.0,14.0,0.9676,0.018,-0.018,0.081,-0.081,'6.0%','-6.0%'
14.5,14.0,15.0,0.9676,0.022,-0.022,0.083,-0.083,'6.0%','-6.0%'
15.5,15.0,16.0,0.953,0.025,-0.025,0.081,-0.081,'6.0%','-6.0%'
17.0,16.0,18.0,0.9626,0.023,-0.023,0.083,-0.083,'6.0%','-6.0%'
19.0,18.0,20.0,0.977,0.031,-0.031,0.087,-0.087,'6.0%','-6.0%'
21.0,20.0,22.0,0.9699,0.04,-0.04,0.087,-0.087,'6.0%','-6.0%'
23.0,22.0,24.0,1.019,0.052,-0.052,0.093,-0.093,'6.0%','-6.0%'
26.0,24.0,28.0,0.9387,0.046,-0.046,0.086,-0.086,'6.0%','-6.0%'
30.0,28.0,32.0,0.9117,0.065,-0.065,0.084,-0.084,'6.0%','-6.0%'
36.0,32.0,40.0,1.022,0.081,-0.081,0.095,-0.095,'6.0%','-6.0%'
45.0,40.0,50.0,0.8664,0.1,-0.1,0.082,-0.082,'6.0%','-6.0%'

