#: RE,,,P PB --> CHARGED X
#: ETARAP(RF=CM),,,-1.3--0.8
#: SQRT(S)/NUCLEON [GeV],,,5020.0
'PT [GEV]','PT [GEV] LOW','PT [GEV] HIGH','1/(2*PI*PT)*D2(N)/DPT/DETARAP [GEV**-2]','stat +','stat -','sys +','sys -','sys,overall normalization uncertainty +','sys,overall normalization uncertainty -'
0.175,0.15,0.2,26.663,0.01,-0.01,1.562,-1.562,'3.1%','-3.1%'
0.225,0.2,0.25,20.506,0.005,-0.005,0.938,-0.938,'3.1%','-3.1%'
0.275,0.25,0.3,15.719,0.004,-0.004,0.688,-0.688,'3.1%','-3.1%'
0.32499999999999996,0.3,0.35,12.094,0.003,-0.003,0.519,-0.519,'3.1%','-3.1%'
0.375,0.35,0.4,9.4187,0.0021,-0.0021,0.4125,-0.4125,'3.1%','-3.1%'
0.42500000000000004,0.4,0.45,7.45,0.0016,-0.0016,0.325,-0.325,'3.1%','-3.1%'
0.475,0.45,0.5,5.9719,0.0014,-0.0014,0.2625,-0.2625,'3.1%','-3.1%'
0.525,0.5,0.55,4.8356,0.0012,-0.0012,0.2125,-0.2125,'3.1%','-3.1%'
0.575,0.55,0.6,3.9569,0.001,-0.001,0.1688,-0.1688,'3.1%','-3.1%'
0.625,0.6,0.65,3.2644,0.0009,-0.0009,0.1375,-0.1375,'3.1%','-3.1%'
0.675,0.65,0.7,2.7181,0.0008,-0.0008,0.1125,-0.1125,'3.1%','-3.1%'
0.725,0.7,0.75,2.2837,0.0007,-0.0007,0.0938,-0.0938,'3.1%','-3.1%'
0.775,0.75,0.8,1.9275,0.0006,-0.0006,0.075,-0.075,'3.1%','-3.1%'
0.825,0.8,0.85,1.635,0.0006,-0.0006,0.0625,-0.0625,'3.1%','-3.1%'
0.875,0.85,0.9,1.3887,0.0005,-0.0005,0.0531,-0.0531,'3.1%','-3.1%'
0.925,0.9,0.95,1.1831,0.0005,-0.0005,0.0444,-0.0444,'3.1%','-3.1%'
0.975,0.95,1.0,1.0131,0.0005,-0.0005,0.0375,-0.0375,'3.1%','-3.1%'
1.05,1.0,1.1,0.8125,0.00029,-0.00029,0.03,-0.03,'3.1%','-3.1%'
1.15,1.1,1.2,0.61088,0.00026,-0.00026,0.02312,-0.02312,'3.1%','-3.1%'
1.25,1.2,1.3,0.46469,0.00022,-0.00022,0.02187,-0.02187,'3.1%','-3.1%'
1.35,1.3,1.4,0.35619,0.00019,-0.00019,0.01625,-0.01625,'3.1%','-3.1%'
1.45,1.4,1.5,0.27531,0.00016,-0.00016,0.01,-0.01,'3.1%','-3.1%'
1.55,1.5,1.6,0.21356,0.00014,-0.00014,0.00813,-0.00813,'3.1%','-3.1%'
1.65,1.6,1.7,0.1665,0.00012,-0.00012,0.00688,-0.00688,'3.1%','-3.1%'
1.75,1.7,1.8,0.13175,0.00011,-0.00011,0.00513,-0.00513,'3.1%','-3.1%'
1.85,1.8,1.9,0.10581,9e-05,-9e-05,0.00387,-0.00387,'3.1%','-3.1%'
1.95,1.9,2.0,0.084937,8.1e-05,-8.1e-05,0.002938,-0.002938,'3.1%','-3.1%'
2.1,2.0,2.2,0.061875,4.9e-05,-4.9e-05,0.002125,-0.002125,'3.1%','-3.1%'
2.3,2.2,2.4,0.040844,3.8e-05,-3.8e-05,0.001437,-0.001437,'3.1%','-3.1%'
2.5,2.4,2.6,0.027269,3e-05,-3e-05,0.000937,-0.000937,'3.1%','-3.1%'
2.7,2.6,2.8,0.018519,2.4e-05,-2.4e-05,0.000625,-0.000625,'3.1%','-3.1%'
2.9,2.8,3.0,0.01275,1.9e-05,-1.9e-05,0.000431,-0.000431,'3.1%','-3.1%'
3.1,3.0,3.2,0.0089125,1.5e-05,-1.5e-05,0.0003,-0.0003,'3.1%','-3.1%'
3.3,3.2,3.4,0.0063125,1.19e-05,-1.19e-05,0.0002125,-0.0002125,'3.1%','-3.1%'
3.5,3.4,3.6,0.0044538,1e-05,-1e-05,0.00015,-0.00015,'3.1%','-3.1%'
3.7,3.6,3.8,0.0032225,8.1e-06,-8.1e-06,0.0001063,-0.0001063,'3.1%','-3.1%'
3.9,3.8,4.0,0.0024044,6.9e-06,-6.9e-06,8.12e-05,-8.12e-05,'3.1%','-3.1%'
4.25,4.0,4.5,0.0014575,3.1e-06,-3.1e-06,4.87e-05,-4.87e-05,'3.1%','-3.1%'
4.75,4.5,5.0,0.00073375,2.06e-06,-2.06e-06,2.437e-05,-2.437e-05,'3.1%','-3.1%'
5.25,5.0,5.5,0.00039219,1.38e-06,-1.38e-06,1.313e-05,-1.313e-05,'3.1%','-3.1%'
5.75,5.5,6.0,0.00022181,1e-06,-1e-06,7.5e-06,-7.5e-06,'3.1%','-3.1%'
6.25,6.0,6.5,0.00013119,6.9e-07,-6.9e-07,4.44e-06,-4.44e-06,'3.1%','-3.1%'
6.75,6.5,7.0,8.1313e-05,5.44e-07,-5.44e-07,2.75e-06,-2.75e-06,'3.1%','-3.1%'
7.5,7.0,8.0,4.2131e-05,2.56e-07,-2.56e-07,1.438e-06,-1.438e-06,'3.1%','-3.1%'
8.5,8.0,9.0,1.9025e-05,1.56e-07,-1.56e-07,6.88e-07,-6.88e-07,'3.1%','-3.1%'
9.5,9.0,10.0,9.6062e-06,1.062e-07,-1.062e-07,3.375e-07,-3.375e-07,'3.1%','-3.1%'
10.5,10.0,11.0,5.1144e-06,5.44e-08,-5.44e-08,1.812e-07,-1.812e-07,'3.1%','-3.1%'
11.5,11.0,12.0,2.8438e-06,3.56e-08,-3.56e-08,1.062e-07,-1.062e-07,'3.1%','-3.1%'
12.5,12.0,13.0,1.6731e-06,2.5e-08,-2.5e-08,6.06e-08,-6.06e-08,'3.1%','-3.1%'
13.5,13.0,14.0,1.0644e-06,1.81e-08,-1.81e-08,4e-08,-4e-08,'3.1%','-3.1%'
14.5,14.0,15.0,6.5313e-07,1.375e-08,-1.375e-08,2.625e-08,-2.625e-08,'3.1%','-3.1%'
15.5,15.0,16.0,4.2713e-07,1.063e-08,-1.063e-08,1.625e-08,-1.625e-08,'3.1%','-3.1%'
17.0,16.0,18.0,2.51e-07,5.44e-09,-5.44e-09,1e-08,-1e-08,'3.1%','-3.1%'
19.0,18.0,20.0,1.3075e-07,3.62e-09,-3.62e-09,5.87e-09,-5.87e-09,'3.1%','-3.1%'
21.0,20.0,22.0,7.175e-08,2.5e-09,-2.5e-09,3.188e-09,-3.188e-09,'3.1%','-3.1%'
23.0,22.0,24.0,3.835e-08,1.75e-09,-1.75e-09,1.75e-09,-1.75e-09,'3.1%','-3.1%'
26.0,24.0,28.0,1.7625e-08,8.13e-10,-8.13e-10,8.13e-10,-8.13e-10,'3.1%','-3.1%'
30.0,28.0,32.0,6.5062e-09,4.437e-10,-4.437e-10,3.063e-10,-3.063e-10,'3.1%','-3.1%'
36.0,32.0,40.0,2.3131e-09,1.688e-10,-1.688e-10,1.125e-10,-1.125e-10,'3.1%','-3.1%'
45.0,40.0,50.0,5.7144e-10,6.875e-11,-6.875e-11,2.875e-11,-2.875e-11,'3.1%','-3.1%'

