#: table_doi: 10.17182/hepdata.73749.v1/t9
#: name: Table 9
#: description: pT-differential invariant yield of protons+antiprotons in INEL p-p collisions with centre-of-mass energies 5.02 TeV and 7.0 TeV. The first uncertainty is statistical, the second is the systematic one.

#: data_file: Table9.yaml
#: keyword reactions: P P --> P X | P P --> PBAR X
#: keyword observables: D2N/DPT/DYRAP
#: keyword phrases: Inclusive | Double Differential Distribution | Transverse Momentum Dependence | Rapidity Dependence | Proton-Proton Scattering
#: keyword cmenergies: 5.02-7.0
#: RE,,,P P --> (P + PBAR) X
#: SQRT(S) [TeV],,,5.02
#: ETARAP,,,-0.8-0.8
'PT [GEV]','PT [GEV] LOW','PT [GEV] HIGH','1/(Nev*2*PI*PT)*D2(N)/DPT/DYRAP [GEV**-2]','stat +','stat -','sys +','sys -'
0.32499999999999996,0.3,0.35,0.09332,0.00154,-0.00154,0.00873,-0.00873
0.375,0.35,0.4,0.08644,0.00113,-0.00113,0.00745,-0.00745
0.42500000000000004,0.4,0.45,0.07896,0.00088,-0.00088,0.00651,-0.00651
0.475,0.45,0.5,0.07242,0.00077,-0.00077,0.00349,-0.00349
0.525,0.5,0.55,0.06528,0.00063,-0.00063,0.00302,-0.00302
0.575,0.55,0.6,0.05791,0.00052,-0.00052,0.00254,-0.00254
0.625,0.6,0.65,0.05211,0.00071,-0.00071,0.00349,-0.00349
0.675,0.65,0.7,0.04592,0.0006,-0.0006,0.00305,-0.00305
0.725,0.7,0.75,0.04077,0.00052,-0.00052,0.00265,-0.00265
0.775,0.75,0.8,0.03654,0.00048,-0.00048,0.00235,-0.00235
0.825,0.8,0.85,0.03221,0.00048,-0.00048,0.00201,-0.00201
0.875,0.85,0.9,0.02854,0.00045,-0.00045,0.00177,-0.00177
0.925,0.9,0.95,0.02499,0.00039,-0.00039,0.00154,-0.00154
0.975,0.95,1.0,0.0218,0.00035,-0.00035,0.00134,-0.00134
1.05,1.0,1.1,0.01786,0.00021,-0.00021,0.0011,-0.0011
1.15,1.1,1.2,0.01369,0.00017,-0.00017,0.00084,-0.00084
1.25,1.2,1.3,0.01059,0.00013,-0.00013,0.00065,-0.00065
1.35,1.3,1.4,0.008147,0.000109,-0.000109,0.0005,-0.0005
1.45,1.4,1.5,0.006386,8.6e-05,-8.6e-05,0.000399,-0.000399
1.55,1.5,1.6,0.004907,5.7e-05,-5.7e-05,0.000289,-0.000289
1.65,1.6,1.7,0.003861,4.6e-05,-4.6e-05,0.000229,-0.000229
1.75,1.7,1.8,0.003046,3.9e-05,-3.9e-05,0.000181,-0.000181
1.85,1.8,1.9,0.0024,3.2e-05,-3.2e-05,0.000142,-0.000142
1.95,1.9,2.0,0.0019,2.6e-05,-2.6e-05,0.000114,-0.000114
2.05,2.0,2.1,0.001517,2.4e-05,-2.4e-05,9.5e-05,-9.5e-05
2.1500000000000004,2.1,2.2,0.001178,1.9e-05,-1.9e-05,7.2e-05,-7.2e-05
2.25,2.2,2.3,0.0009524,1.73e-05,-1.73e-05,5.7e-05,-5.7e-05
2.3499999999999996,2.3,2.4,0.0007697,1.45e-05,-1.45e-05,4.74e-05,-4.74e-05
2.45,2.4,2.5,0.0006073,1.25e-05,-1.25e-05,3.89e-05,-3.89e-05
2.55,2.5,2.6,0.0005042,1.11e-05,-1.11e-05,3.27e-05,-3.27e-05
2.6500000000000004,2.6,2.7,0.00041,9.3e-06,-9.3e-06,2.62e-05,-2.62e-05
2.75,2.7,2.8,0.0003396,8.5e-06,-8.5e-06,2.3e-05,-2.3e-05
2.8499999999999996,2.8,2.9,0.0002802,7e-06,-7e-06,1.84e-05,-1.84e-05
2.95,2.9,3.0,0.0002324,6.4e-06,-6.4e-06,1.69e-05,-1.69e-05
3.1,3.0,3.2,0.0001733,4e-06,-4e-06,1.3e-05,-1.3e-05
3.3,3.2,3.4,0.0001162,2.6e-06,-2.6e-06,9.9e-06,-9.9e-06
3.5,3.4,3.6,7.995e-05,2e-06,-2e-06,6.63e-06,-6.63e-06
3.7,3.6,3.8,5.617e-05,1.38e-06,-1.38e-06,4.83e-06,-4.83e-06
3.9,3.8,4.0,3.932e-05,1.31e-06,-1.31e-06,3.42e-06,-3.42e-06
4.25,4.0,4.5,2.22e-05,2.7e-07,-2.7e-07,2.78e-06,-2.78e-06
4.75,4.5,5.0,1.044e-05,1.2e-07,-1.2e-07,1.28e-06,-1.28e-06
5.25,5.0,5.5,5.069e-06,1.12e-07,-1.12e-07,6.22e-07,-6.22e-07
5.75,5.5,6.0,2.749e-06,7e-08,-7e-08,3.33e-07,-3.33e-07
6.5,6.0,7.0,1.252e-06,1.5e-08,-1.5e-08,1.91e-07,-1.91e-07
7.5,7.0,8.0,4.447e-07,8.1e-09,-8.1e-09,7.32e-08,-7.32e-08
9.0,8.0,10.0,1.438e-07,2.5e-09,-2.5e-09,2.37e-08,-2.37e-08
11.0,10.0,12.0,3.196e-08,1.71e-09,-1.71e-09,5.56e-09,-5.56e-09
13.5,12.0,15.0,8.117e-09,3.62e-10,-3.62e-10,1.882e-09,-1.882e-09
17.5,15.0,20.0,1.76e-09,1.98e-10,-1.98e-10,3.5e-10,-3.5e-10

#: RE,,,P P --> (P + PBAR) X
#: SQRT(S) [TeV],,,7.0
#: ETARAP,,,-0.8-0.8
'PT [GEV]','PT [GEV] LOW','PT [GEV] HIGH','1/(Nev*2*PI*PT)*D2(N)/DPT/DYRAP [GEV**-2]','stat +','stat -','sys +','sys -'
0.32499999999999996,0.3,0.35,0.09574,0.00044,-0.00044,0.00896,-0.00896
0.375,0.35,0.4,0.08927,0.00034,-0.00034,0.0077,-0.0077
0.42500000000000004,0.4,0.45,0.08188,0.00026,-0.00026,0.00675,-0.00675
0.475,0.45,0.5,0.07569,0.00025,-0.00025,0.00365,-0.00365
0.525,0.5,0.55,0.06802,0.00021,-0.00021,0.00315,-0.00315
0.575,0.55,0.6,0.06073,0.00017,-0.00017,0.00266,-0.00266
0.625,0.6,0.65,0.05419,0.00025,-0.00025,0.00363,-0.00363
0.675,0.65,0.7,0.04799,0.00021,-0.00021,0.00319,-0.00319
0.725,0.7,0.75,0.04266,0.00018,-0.00018,0.00277,-0.00277
0.775,0.75,0.8,0.03832,0.00017,-0.00017,0.00244,-0.00244
0.825,0.8,0.85,0.03376,0.00017,-0.00017,0.0021,-0.0021
0.875,0.85,0.9,0.02998,0.00015,-0.00015,0.00186,-0.00186
0.925,0.9,0.95,0.02651,0.00014,-0.00014,0.00163,-0.00163
0.975,0.95,1.0,0.02316,0.00013,-0.00013,0.00142,-0.00142
1.05,1.0,1.1,0.01921,8e-05,-8e-05,0.00119,-0.00119
1.15,1.1,1.2,0.01485,7e-05,-7e-05,0.00091,-0.00091
1.25,1.2,1.3,0.01161,6e-05,-6e-05,0.00071,-0.00071
1.35,1.3,1.4,0.009025,5e-05,-5e-05,0.000552,-0.000552
1.45,1.4,1.5,0.007123,3.7e-05,-3.7e-05,0.000446,-0.000446
1.55,1.5,1.6,0.005584,3.3e-05,-3.3e-05,0.000329,-0.000329
1.65,1.6,1.7,0.004395,2.6e-05,-2.6e-05,0.000261,-0.000261
1.75,1.7,1.8,0.003489,2.2e-05,-2.2e-05,0.000207,-0.000207
1.85,1.8,1.9,0.002744,1.9e-05,-1.9e-05,0.000162,-0.000162
1.95,1.9,2.0,0.002185,1.5e-05,-1.5e-05,0.000131,-0.000131
2.05,2.0,2.1,0.001754,1.5e-05,-1.5e-05,0.00011,-0.00011
2.1500000000000004,2.1,2.2,0.001378,1.3e-05,-1.3e-05,8.4e-05,-8.4e-05
2.25,2.2,2.3,0.001109,1.2e-05,-1.2e-05,6.6e-05,-6.6e-05
2.3499999999999996,2.3,2.4,0.0009058,1e-05,-1e-05,5.57e-05,-5.57e-05
2.45,2.4,2.5,0.0007162,8.6e-06,-8.6e-06,4.59e-05,-4.59e-05
2.55,2.5,2.6,0.0006002,7.6e-06,-7.6e-06,3.89e-05,-3.89e-05
2.6500000000000004,2.6,2.7,0.000492,6.8e-06,-6.8e-06,3.07e-05,-3.07e-05
2.75,2.7,2.8,0.000405,5.9e-06,-5.9e-06,2.67e-05,-2.67e-05
2.8499999999999996,2.8,2.9,0.0003409,5.4e-06,-5.4e-06,2.17e-05,-2.17e-05
2.95,2.9,3.0,0.0002808,4.7e-06,-4.7e-06,1.82e-05,-1.82e-05
3.1,3.0,3.2,0.0002127,3.3e-06,-3.3e-06,1.37e-05,-1.37e-05
3.3,3.2,3.4,0.0001441,2.6e-06,-2.6e-06,9.8e-06,-9.8e-06
3.5,3.4,3.6,0.0001004,2.3e-06,-2.3e-06,7.1e-06,-7.1e-06
3.7,3.6,3.8,7.118e-05,1.88e-06,-1.88e-06,5.39e-06,-5.39e-06
3.9,3.8,4.0,4.91e-05,1.43e-06,-1.43e-06,4.14e-06,-4.14e-06
4.25,4.0,4.5,2.895e-05,8.1e-07,-8.1e-07,2.54e-06,-2.54e-06
4.75,4.5,5.0,1.431e-05,4.6e-07,-4.6e-07,1.23e-06,-1.23e-06
5.25,5.0,5.5,6.847e-06,4.89e-07,-4.89e-07,6.04e-07,-6.04e-07
5.75,5.5,6.0,3.81e-06,3.61e-07,-3.61e-07,3.4e-07,-3.4e-07
6.5,6.0,7.0,1.8e-06,3.5e-08,-3.5e-08,2.74e-07,-2.74e-07
7.5,7.0,8.0,6.583e-07,2.21e-08,-2.21e-08,1.084e-07,-1.084e-07
9.0,8.0,10.0,2.221e-07,8.4e-09,-8.4e-09,3.11e-08,-3.11e-08
11.0,10.0,12.0,4.609e-08,3.84e-09,-3.84e-09,6.47e-09,-6.47e-09
13.5,12.0,15.0,1.345e-08,1.34e-09,-1.34e-09,1.88e-09,-1.88e-09
17.5,15.0,20.0,2.868e-09,4.49e-10,-4.49e-10,4.06e-10,-4.06e-10

